01100011011000010000000101100001
11101110111011101110001000111110
11101110111000011110111011100000
00010000000100100011111011101110
00011110111011101100001100000011
00100011111011101010000111101110
11101100000100000001111011101110
10000011111011101110101001011110
11101110011000011110111011101100
00010010000111101110111011100100
00111110111011100000000100000001
11101110111010000011111011101110
10000001111011101110110000010000
00011110111011101000001111101110
11101110011000111110111011100000
00011110111011101010000100100001
11101110111010000011000000010010
00111110111011100001011000111110
11101110001000011110111011101010
00011110111011101100000100100001
00100011111011101100001100100011
00100011111011101100001100000001
00100011111011101010000100000001
11100000000000000000000000000000
