01100011011000010000000100000001
00100001111011101101000001010010
00110010001100100011001000110010
00110010001100100011001000110010
00110010001100100011001000110000
00010100110100100001000000010100
01110000000100000101011000010000
00010100011100000001000001010110
00010000000101000111000000110010
11110011000000010010001100100011
00100011001000110010001100100011
00100011001000110010001100100011
00100011001000110000000100000001
11101110111011101110111011101100
00011110001000010000001100100011
00100011001000110010001100100011
00100011001000110010001100100011
00100011001000110010001100000001
11100000000111101110111011101110
11101000000111100000000100000001
11101110111011101110111001000001
11100000001111101110111011101110
11100110000111100000010111101110
11101110111011100100000111100001
11101110111011101110111010100001
11100001010000011110111011101110
11101110010011010000010100100011
00100011001000110010001100100011
00100011001000110010001100100011
00100011001000110010001100000001
00100001111001000001111011101110
11101110111001000001111000100001
11101110111011101110111001100001
11100000000111101110111011101110
11101000000111100000000100000001
11101110111011101110111001000001
11100000001111101110111011101110
11101000110100000101001000110010
00110010001100100011001000110010
00110010001100100011001000110010
00110010001100100011000000010010
00011110111011101110111011101110
11000001111000000001001000011110
11101110111011101110001000011110
00100001000000010010001100100011
00100011001000110010001100100011
00100011001000110010001100100011
00100011001000110010000111101010
00110010001100100011001000110010
00110010001100100011001000110010
00110010001100100011001000110000
00010010111100111110111011101110
11101110100000011110111011101110
11101110111011000001111001100001
00100011001000110010001100100011
00100011001000110010001100100011
00100011001000110010001100100011
00100001111000000011001000110010
00110010001100100011001000110010
00110010001100100011001000110010
00110010001100100011000000010010
00011110001000010000000100100011
00100011001000110010001100100011
00100011001000110010001100100011
00100011001000110010001100100001
11100001001000011110111011101110
11101110001000000000000000000000
