01100011011000010000001101000001
11101110011100000101001000110010
00110010001100100011001000110000
00010010011100100001000000010100
01110000000100000101011000010000
00010100110100000001001000110010
00110010001100100011001000110010
00011110111011101100000111000001
00000011001000110010001100100011
00100011000000010010000110100001
11101110111000011010000100000001
11101110101000011010001111101110
11000001101001011110111010100001
10000001111011101110000000011000
00010100000111101110101001110000
01010010001100100011001000110010
00110010001100000001000000011110
00011110111010100001110000011110
11101100000110100001111011101110
00011010000100000001111011101010
00011010001111101110111001110000
01010010001100100011001000110010
00110010001100000001000000011110
11101110110000011010000100100001
11101110100000011100000100000001
00100011001000110010001100100011
00100011000000011110010000110010
00110010001100100011001000110100
11011110111011100001111011101110
11000001111000000001001000110010
00110010001100100011001000110000
00011010001100100011001000110010
00110010001100100011000000010000
00011100000100000001001000110010
00110010001100100011001000110000
00011000000100100001111011101000
